.Random.seed <-
c(403L, 10L, 1311692830L, 207411928L, 829574715L, -785687591L, 
96553320L, -1788108650L, 726892049L, 1078540227L, -17765422L, 
956970596L, 1287873959L, 1263745789L, 144301812L, 1387108826L, 
66518309L, 725396543L, -383616058L, -2145126320L, -1266207629L, 
1204689041L, 1157703872L, -1775877474L, 167386729L, 497356443L, 
150545322L, -1562441780L, 1067768463L, 881832645L, 1127864956L, 
-705186094L, -565345715L, 79138567L, -1895673106L, -1601607736L, 
-1548588853L, -1383794391L, -244801160L, -268589402L, 910356673L, 
-466495149L, 740296194L, 1353793332L, 1994255543L, -210518867L, 
-1643763260L, 1032374762L, -2137180587L, -338417681L, -2087782410L, 
1341534496L, 451329763L, 1304061825L, -134995472L, 1370529934L, 
1850148857L, 860495243L, -1937094214L, -238843716L, 294087679L, 
1723062613L, -2030624148L, 1484228290L, -1039609571L, 21686167L, 
626451198L, -1985283912L, -150969701L, 342126841L, -41528760L, 
-2061255306L, 1637395633L, -1055276829L, -163258446L, 644718596L, 
814322503L, -958248419L, 851501204L, 702156858L, 1397363333L, 
820187999L, -530486298L, -599169424L, -289879661L, 1534733873L, 
410060000L, 628962686L, -920147959L, -2133227461L, 413521418L, 
-2108160532L, 1873644143L, -742586971L, 527381852L, 181627186L, 
288012333L, 1382340327L, -1022329842L, 1169319400L, 1560842219L, 
1403367561L, -423025640L, 1596568390L, -1914850911L, 532750387L, 
-953078366L, -831334252L, -1734291689L, 1557915917L, 458719268L, 
1447034890L, 1932698997L, 777069775L, 1855899606L, -760936576L, 
-1112089661L, 1988840801L, 2057458640L, 1416340270L, -1937228071L, 
-1521038101L, -1473442470L, -253305060L, -1693263329L, -850351499L, 
127969036L, -774817054L, -1750630467L, -361936841L, -446512418L, 
1606934040L, 279650683L, 78788889L, 1095386536L, 247179606L, 
1300363729L, 438385027L, 967223314L, -1187320924L, -601719961L, 
-1781899075L, -2049574860L, -719619174L, 2085631973L, -308485249L, 
-1133698298L, -717402992L, 1619557683L, -1063232815L, 548192384L, 
-245343906L, -1901310295L, 627890523L, 1723659114L, 536869388L, 
-1363383729L, 1236731653L, 1944244156L, -2067240302L, -1322815091L, 
721148359L, -1060951378L, -139582712L, 545825035L, 1234804713L, 
821217464L, -1579581594L, 1977945089L, -657007981L, 1215638850L, 
584098548L, -1597436169L, 745508589L, -1881949820L, 595441578L, 
323169557L, -170063953L, -1248761930L, 1973861856L, -1935944413L, 
639535681L, 1524344112L, 1182990158L, 741270969L, -420612149L, 
298749050L, 2130234748L, 874653119L, -1392721259L, 996606124L, 
2028898946L, -628096419L, -1042606761L, -1306306498L, -415531912L, 
-1120008357L, 50823865L, 1432256264L, 1615025590L, -1679824143L, 
1553358115L, 869586802L, 1229673924L, -35582585L, -2120679587L, 
280793428L, 439337850L, 623923909L, -1020570593L, -1283603546L, 
-763456208L, -1992763437L, 2053076465L, 269034272L, -421802562L, 
-1531959863L, -989030021L, 348118858L, -1585684564L, -207001937L, 
-1141926811L, -734366692L, 324393586L, 482139373L, 37971239L, 
-1953369778L, 1950556584L, 1688425899L, -2062205152L, 170494412L, 
-1673169440L, -1965205822L, -217832408L, -1932479828L, -1632680772L, 
1963203058L, 800006448L, 544584868L, -223041864L, 115592538L, 
-77486704L, 2051715964L, -233580268L, 1082291010L, 1753586432L, 
-1146218564L, 2018221904L, 2025628450L, -2112684728L, -1286907380L, 
-874727332L, 1817824466L, -830481920L, -352432812L, -1733944856L, 
1568160762L, -1404997424L, -1234748116L, 1520382708L, 2101971346L, 
190788704L, -814144244L, 1664594656L, -1574606494L, 1621052072L, 
-1462332852L, -881262212L, -1131543246L, -1726099344L, 320255812L, 
-1739543080L, -968180614L, 59313712L, 669256380L, 734809940L, 
-2133765054L, 2003578272L, 425720508L, -754648624L, 1058434402L, 
1976152040L, 757745612L, -1169932548L, 559800818L, 604153984L, 
-938724108L, -591481208L, 1031604026L, 2073908048L, 816240236L, 
2053378196L, 164381010L, -313598240L, -2021461300L, 1191481504L, 
1434442626L, 1389785832L, -773713172L, -1676776388L, -1879088526L, 
1758389360L, 1239074340L, -978500552L, -829364198L, -1815786800L, 
245998652L, -510405484L, 7343234L, 1193437120L, -1536091844L, 
1420866192L, 111402018L, -1415748600L, 1836595340L, 1805413404L, 
-1598765422L, -763169664L, -1685848044L, -1848416984L, -276771270L, 
-367680304L, 1320813676L, -663072076L, 2146994194L, 266844128L, 
1471860684L, -810013216L, 1570106914L, 267708712L, 251867404L, 
136779324L, 260874482L, 1617132272L, -1167473852L, 877046360L, 
2054304314L, -1291688208L, 224918716L, -1448440300L, 539148482L, 
-1359400864L, -561836676L, 1354759376L, 658717730L, -13829464L, 
339488652L, 291592636L, -572623822L, 1587394368L, -380307276L, 
89072456L, -1329530182L, -1345179888L, -1655318292L, 1767797844L, 
-1809422574L, 1591006112L, 1035599820L, -516994208L, 2115604674L, 
-995043800L, 1403651500L, -1922859204L, 27348850L, -495688912L, 
-469482972L, 1180954680L, -1059009318L, 1451819408L, -1011947780L, 
-1601454188L, -1322310846L, 2039781888L, -513596868L, -1872128432L, 
-2048666974L, -1798214840L, -983680500L, 1945521372L, 513466962L, 
-1082001280L, 1061280596L, 922677736L, 1906666234L, -1363314864L, 
-1450720212L, 1799574900L, 2137312914L, 1646369376L, -1411755380L, 
-1660515488L, 2042630882L, -1190070104L, -721792820L, -357600772L, 
-304259150L, -1000286736L, 257863108L, 964044632L, 1395563386L, 
471268784L, 842342844L, -1767976876L, -863783998L, 418698016L, 
1030428604L, 2099737168L, 1930018274L, -891371160L, 250047820L, 
-2031857412L, -1263787278L, -2096980224L, 848510580L, -839151608L, 
-2031296070L, -1047838768L, 270227948L, 1604081556L, -713096494L, 
523664992L, -1242766004L, 110617888L, 1006733954L, -1037280792L, 
138960876L, 677414460L, 2079127154L, -370988176L, 339613988L, 
1012683320L, -1214125670L, -518882864L, 35857852L, -320194412L, 
-877947774L, 856311232L, -987681988L, 40742032L, 1045433122L, 
-2119313912L, -777857780L, 1465075100L, -1376051694L, -365450368L, 
-1856257260L, 96731432L, -868555718L, 1909197776L, 1157007980L, 
-851262924L, 1613056658L, 963388768L, 986757452L, -1099765792L, 
-1721228213L, -1763747140L, -953136918L, 2110817567L, -1336029783L, 
2089061182L, -976280020L, -540240771L, 519147207L, -20678736L, 
-1130747442L, -672357637L, -817610403L, -259939702L, -703369048L, 
-1620528111L, 310232323L, 285919236L, 1785686066L, -29884281L, 
-240014127L, 482735702L, -1635670476L, -2116690619L, -439251057L, 
427244296L, -14533338L, -83008045L, -944754891L, 2103633554L, 
1410024032L, -1016556599L, 802550523L, 1134591180L, 1748661594L, 
801814607L, 1068135705L, 5168942L, -2134748868L, 1574188717L, 
-723504809L, -1275248480L, -192332290L, 435310795L, 1876111053L, 
-969213446L, 1129325112L, 2112356321L, 2146564243L, -12772684L, 
-1408116798L, -1556081705L, 504929313L, -1647158298L, -1053014300L, 
-1912851947L, 300186175L, 609087960L, -2139428874L, -1230827517L, 
533527365L, -894447774L, 2107781328L, -112477191L, -172632277L, 
1423664284L, 1334065866L, -831605825L, 1162796809L, 454166558L, 
-1795393076L, 1545540509L, 665603623L, -298998704L, -2037076754L, 
2022705563L, -185843715L, -1141765398L, -1265836664L, -1626076367L, 
1726579619L, 1916289956L, 1850019410L, -242520665L, -1164949007L, 
-189989578L, 2088355284L, 1340894053L, -28830865L, 381513128L, 
-2141408506L, 1119135283L, -293163883L, -1092840206L, -1116801728L, 
-1057629527L, 1853772571L, -1821743892L, -1262368518L, -221931217L, 
14998841L, -1062990002L, 1800906140L, -612702451L, 2126147959L, 
663381376L, 1111307230L, -500089685L, -1818392659L, -1950778342L, 
-1495338280L, -1103086783L, -810042381L, 855934484L, 147677090L, 
-138403657L, -1747993983L, -2058229114L, 124906180L, 857869301L, 
305865311L, 474657976L, 1935511958L, 455396259L, -468471963L, 
968074882L, 1848800240L, 950511001L, 317164427L, -1670150532L, 
-1064682326L, -143585569L, -1432943511L, -2022498690L, -1396681108L, 
-88548675L, -371628153L, 445506416L, 128537102L, 1113513787L, 
205546525L, 140324042L, -754747416L, 387269841L, 1046827203L, 
382064580L, -1872857998L, 968273223L, -368180975L, 1206985878L, 
